5
10
10
10
15
15
15
15
15
22
22
22
23
23
23
23
28
28
28
28
28
37
37
37
46
54
54
54
54
54
61
61
61
61
61
68
68
74
82
82
82
89
89
89
97
99
99
99
99
99
106
116
116
116
116
116
123
123
123
127
127
127
137
142
149
149
149
149
152
152
152
159
159
159
159
161
167
167
167
167
167
173
173
173
173
183
190
190
190
190
192
194
194
202
206
211
211
211
218
224
224
224
234
234
234
234
242
242
242
242
252
252
252
256
256
256
264
264
264
264
267
267
267
267
271
271
271
271
271
279
279
287
287
289
289
289
289
291
291
291
292
292
292
292
295
295
300
300
300
322
323
324
325
400
400
400
400