2
6
6
6
6
10
10
10
10
10
16
16
16
16
16
19
21
29
30
30
40
40
40
40
40
46
46
46
54
54
54
54
54
56
61
61
61
61
63
63
63
63
72
72
80
88
88
88
97
97
105
105
105
105
105
110
110
110
110
110
117
117
117
117
117
119
119
119
119
119
124
124
128
128
128
133
133
133
133
139
139
139
143
152
152
152
152
160
160
160
160
162
162
162
172
172
172
172
173
180
180
180
180
180
190
190
190
192
201
201
201
201
201
209
209
209
209
209
212
212
212
214
223
223
232
232
232
232
238
238
238
247
247
247
250
257
257
267
267
269
269
269
269
269
276
276
276
279
279
279
288
288