3
5
5
10
10
10
10
10
19
19
20
20
30
34
44
44
44
44
52
52
52
56
56
56
56
57
57
57
62
62
62
62
70
70
70
70
70
72
75
75
75
77
77
77
77
77
79
79
79
79
79
85
85
93
93
103
103
104
112
112
112
112
112
122
122
122
123
125
125
125
125
125
126
126
127
127
127
127
130
138
141
141
141
141
141
143
144
144
144
146
146
146
146
154
154
154
154
154
161
161
161
161
169
178
178
178
178
178
188
189
189
189
189
192
196
196
196
196
196
204
204
204
204
209
209
217
217
217
217
221
221
221
221
223
223
228
231
231
231
231
233
233
241
241
241
241