5
11
11
11
19
19
19
19
24
24
24
24
24
29
29
29
29
29
39
39
47
47
47
49
49
49
49
53
56
58
58
64
64
64
64
64
72
72
72
76
76
76
76
76
83
83
83
83
83
86
86
86
86
91
91
91
91
92
92
92
92
92
98
98
98
98
98
104
104
110
110
110
110
110
117
117
117
122
122
131
131
131
139
139
139
148
153
153
153
153
153
155
161
161
161
166
175
175
183
183
183
184
184
184
184
190
191
191
191
191
196
196
201
201
201
201
201
205
205
205
211
211
211
220
220
220
220
230
230
230
239
239
249
249
249
249
249
258
266
266
266
274
278
278
278
279
279
279
286
286
286
286
293
303
303
308
308
308
314
320
320
320
320
320
325
325
325
333
338
338
338
345
345
345
345
345
351
351
351
356
356
356
356
356
358
358
358
358
358
365
365
365
365
365
366
366
366
366
370
370
370
377
377
377
377
384
387
387
389
389
389
389
391
391
396
396
396
396
405
405
405
410
410
410
410
410
413
413
413
413
413
418
418
418
418
421
421
425
425
425
433
433
433
433
436
439
439
439
442
442
442
442
442
451
451
451
456
456
456
456
461
461
461
461
471
471
471
471
479
479
483
489
489
489
498
498
498
504
504
508
508
508
508
508
515
515
515
523
523
523
523
528
528
528
529
529
532
532
538
538
538
547
547
547
547
555
555
555
556
556
556
565
565
569
569
569