2
6
6
9
9
9
9
9
10
10
18
18
18
20
21
21
21
21
22
29
29
29
29
30
30
30
30
30
33
35
40
40
43
43
43
52
52
52
52
52
62
62
62
62
62
63
67
70
70
73
73
73
73
80
80
80
80
80
82
82
82
82
84
84
84
86
86
87
87
87
87
87
91
91
91
98
108
115
115
115
116
117
120
126
126
129
129
129
131
131
131
131
138
146
156
156
156
163
163
163
163
168
168
169
174
174
174
180
180
180
180
181
181
190
190
190
190
192
192
192
192
192
200
200
210
210
210
210
210
219
223
223
223
223
228
228
228
228
228
232
232
232
241
241
242
242
244
244
244
244
254
254
254
256
256
256
256
264
264
264
271
271
271
271
271
272
272
272
272
278
278
284
284
284
284
287
287
287
287
291
291
296
296
296
296
296
298
298
298
298
304
304
304
304
304
310
310
310
310
310
311
311
312
312
312
312
312
322
322
322
328
328
328
328
328
336
338
338
338
338
339
339
339
341
341
341
341
344
344
348
353
353
359
359
365
365
365
365
366
366
366
366
366
367
377
377
377
377
379
379
389
389
389
389
391
395
399
405
405
405
405
405
410
410
410
413
413
416
425
425
425
425
431
431
431
431
433
433
433
433
433
436
436
436
436
436
440
440
440
440
447
447
448
449
449