7
16
16
16
22
22
22
22
22
23
23
23
23
32
32
32
32
38
38
38
38
45
45
45
53
53
53
53
53
61
61
61
66
66
66
67
67
67
75
75
75
75
75
82
82
82
90
90
94
94
94
94
94
103
103
103
105
105
110
110
110
110
115
115
115
115
115
116
121
121
121
121
129
129
129
137
137
140
150
150
150
150
152
152
152
152
152
155
158
158
166
166
166
175
182
182
192
192
192
195
195
195
200
200
203
203
203
203
211
211
211
211
213
213
213
213
223
233
233
233
233
233
241
249
249
249
249
249
259
259
260
261
261
261
261
263
263
271
274
274
274
274
277
277
277
277
277
287
294
294
294
298
308
308
308
308
309
309
309
309
310
317
317
317
322
322
322
322
324
326
326
332
332
332
332
338
346
346
354
354
354
354
354
357
357
357
357
357
365
375
375
375
384
386
386
386
394
402
402
402
408
408
408
408
418
418
418
418