7
16
16
16
16
16
20
20
20
29
29
29
29
29
33
37
45
45
48
48
48
48
48
53
63
63
63
64
64
64
64
64
70
74
75
75
75
75
80
80
80
81
81
81
86
86
86
86
86
91
91
91
91
91
96
106
106
106
106
112
121
122
130
130
130
130
130
137
137
137
147
147
147
156
156
156
156
156
162
162
162
164
164
164
164
164
167
167
177
177
177
182
182
182
182
182
190
198
198
207
207
207
207
207
212
212
212
213
213
213
219
219
219
224
224
224
224
224
227
227
230
230
230
230
230
234
234
235
235
235
235
237
237
237
237
247
247
247
247
249
249
249
249
251
251
251
251
251
259
259
259
265
272
272
272